.Random.seed <-
c(403L, 10L, 1516071765L, 2076474476L, -759596862L, 850438941L, 
-1355013737L, -879855362L, -495719752L, -695298917L, -2147216647L, 
-1340287928L, -1983449226L, -1984253263L, -1942732061L, 561422770L, 
-636292604L, 51530055L, 1796822045L, 1069689492L, -627981766L, 
1745112197L, -1691659937L, 1185104358L, -398561168L, 314586003L, 
1175950385L, 840137440L, 489388926L, -1422724599L, 627776059L, 
-1428831222L, 1433172972L, -268349329L, -858345563L, -1747716260L, 
-1761928398L, -294026707L, 432836839L, 364438030L, 869400552L, 
134029803L, -346254711L, 719874584L, -1058422458L, 1841606561L, 
-529587661L, -1112432734L, 1193368212L, 326398231L, 485674765L, 
-1138276828L, -1938313718L, 1625388917L, -1868438833L, -457984554L, 
2097338752L, -602730045L, -50993311L, -219447856L, -367063762L, 
1297915097L, 1009768171L, 1452741466L, -2071280356L, -1652976609L, 
1543723125L, -1798707956L, 1391462626L, -1993539139L, -845543881L, 
-79455010L, -1405655016L, -1481214085L, -2071701735L, -2043032664L, 
-1683039402L, 878666705L, 240437123L, 1154617874L, -262134364L, 
-761020057L, -243429699L, 897570356L, -270471782L, 1818614245L, 
2000364927L, 1958857990L, -371018096L, -1989525709L, 1148714193L, 
446350976L, -69554338L, -1272099671L, -201924773L, 415159658L, 
686274572L, -1175367601L, 29190405L, 1039761852L, 606110866L, 
606085005L, 1827416007L, -1900888914L, 2077437192L, 1534872331L, 
1517200873L, -1844030792L, 1158395238L, 459476481L, 1289246867L, 
-358890686L, 273603828L, 1770957047L, 172548333L, 598115204L, 
617733546L, -2061868267L, 1132118447L, -1770372682L, 1044240352L, 
1145378595L, 220538945L, -1746738384L, -308008626L, 1570569145L, 
1167314379L, -574202246L, 1115673468L, -1528316993L, 1570792597L, 
-1434432852L, 1796712578L, 1359267933L, 1135501143L, 2057429566L, 
1894696568L, 1462281563L, 1733403833L, -2118120184L, 1411076022L, 
-618171151L, -502869213L, 280175986L, 1816395716L, 1985784711L, 
-1955292835L, -1082738860L, -733155974L, -720193339L, -1470715361L, 
-1176887898L, -545239248L, 798770643L, 1284969457L, -1135172320L, 
-214535234L, -1613972535L, -199025797L, 1024330058L, -393460308L, 
2097959087L, 1337920101L, -1406479844L, 2069179506L, 155464429L, 
431841063L, 1981569870L, 201003944L, 2069567403L, -95992631L, 
-1937460008L, 574351750L, -920911775L, 693146099L, 350855266L, 
-415484204L, 191614935L, 481099213L, 1104304484L, -791319222L, 
70429877L, 1625226255L, -893070058L, -531935296L, 371690371L, 
1650428321L, 754955664L, 142976622L, -1088208871L, -1319207765L, 
1170759834L, 2124496988L, 1268485471L, 151947061L, -1395737908L, 
-1369311198L, 311628413L, -673220745L, -2117072738L, 776001368L, 
-1774771525L, -1812779943L, -1572743192L, 193339926L, 622683537L, 
1443208771L, -539931310L, -662375964L, -2094436313L, 1093467261L, 
-2089909900L, 723324250L, -580555867L, 1274411967L, 904751174L, 
-2005408048L, 314700019L, 1125246481L, 1289969728L, -21994466L, 
1510970089L, 1553999899L, -176775126L, 1663230796L, 1283354895L, 
-902806459L, 715752956L, -26893230L, 1114014522L, -1174859952L, 
-631598484L, -140257132L, -1052675758L, 985556704L, -411652404L, 
27496608L, -213784702L, 954447592L, -2107277588L, 2034106428L, 
-272970126L, -1163592592L, -1905978844L, -2137333704L, 949712922L, 
-2125855024L, -1675817924L, -1036929900L, -1228990334L, -1896370240L, 
-554022596L, -1063371120L, 1071720482L, -986753016L, 1620450444L, 
1155515420L, 17080978L, 559743104L, 1584825364L, 715092264L, 
-631670214L, 981296336L, -1429070740L, 2129239732L, 1166317586L, 
-609693728L, 674438092L, -526445088L, -2088551902L, -1934269144L, 
-760177396L, -1555777988L, -1843050254L, 326985456L, 777637700L, 
-1601747368L, 1680648762L, 1600007920L, -514213700L, -500389356L, 
-1580471102L, 2131487840L, 1911299452L, 1160456400L, -1688216542L, 
141891240L, -1367086196L, -1683438148L, 1930425394L, -1362735296L, 
-1236998988L, 203382600L, 71566010L, 642674448L, 813790444L, 
69123156L, -1917722862L, 1409544096L, -2115882036L, 1541835616L, 
-1260673854L, 253894184L, -1700569684L, -469886148L, 1795598194L, 
-1358004432L, -774306268L, 2464824L, -2139506470L, -2114015856L, 
-305636612L, -1237556332L, 656789314L, -919939584L, -1408852420L, 
638829136L, 589147810L, -883643576L, -968224244L, 1324562652L, 
-330007982L, -48301952L, 1758503764L, 858111464L, 873668346L, 
-197379248L, 63556652L, -367638156L, 433645202L, 1574907488L, 
740001420L, -1516243104L, 1778152162L, 1402085544L, 342342860L, 
-71245316L, 1307195314L, 129751536L, 803952068L, -1741663400L, 
762806138L, -1307949648L, 1484352956L, 1208929364L, 1690574786L, 
753030944L, 1202566076L, -816271792L, 1529227746L, 1204471144L, 
-522140340L, -927245060L, 2014376690L, 1866885888L, 1388199540L, 
1286814728L, 816925114L, 280194000L, 1705756140L, -2081665132L, 
1606459090L, -979309984L, 1548096844L, -415313632L, 1695938178L, 
1138058728L, 121351148L, 593930812L, -227522958L, -1067435152L, 
1474967844L, -1011238344L, -1482147430L, 669244880L, -1114182212L, 
444114068L, -201113470L, 1484879296L, -362858692L, -2088548208L, 
987192098L, 459149832L, -1655504628L, 1174792604L, -496047598L, 
-418177152L, -547957996L, -831592152L, 755265594L, 982823888L, 
339986028L, -652770764L, 89687698L, -960074400L, 1050329420L, 
-339946528L, -402185822L, 497983912L, 1239678604L, 2083210684L, 
184173170L, -1645675536L, -485627324L, -757886888L, 629916730L, 
-1534387088L, -63060932L, -312824556L, 1999565506L, 956638944L, 
-554292100L, -1336257840L, 1387372962L, -1690946520L, 2031875852L, 
828429756L, -1395603662L, -89444672L, 1078745140L, -736956728L, 
704108730L, 81576592L, -649771284L, -1888427436L, -1267106158L, 
1552102688L, 1587510732L, 1717997280L, -325043006L, 1186876456L, 
482050988L, -480303428L, 1197389810L, 907452976L, -1523762268L, 
274593208L, 675780442L, 284883088L, 337487740L, 1648358676L, 
1097642306L, -1133953792L, -2040413764L, -991736496L, 399079714L, 
-986987960L, -2094273524L, -2138979748L, 1349629394L, 1792646656L, 
1179095380L, -1637264152L, -1842964230L, -471711024L, -713797844L, 
-1969042941L, -1706926779L, 1897064802L, -1548909872L, 2082373113L, 
838219051L, 914978460L, 1734218954L, 930037183L, 1324359945L, 
2133180958L, 2068025292L, 410586525L, -1169045465L, 2067265104L, 
-1345002770L, -69145701L, -1424516611L, 137329898L, -1847298168L, 
797311281L, -1740897885L, 11163044L, -812177326L, -1311208537L, 
-426913807L, -612697290L, 611346388L, -1548526235L, 1057157487L, 
-1552749656L, 1335165190L, 1651367987L, 743233173L, 1304751858L, 
1999667008L, -915702615L, -2042306277L, -767232276L, -1570985222L, 
1007014703L, -120227015L, 2067258702L, -1067607140L, 1530351885L, 
2054026103L, -1204295808L, -1032063522L, -1311012181L, 739714477L, 
1782569498L, -1748722472L, 1414226241L, 781761011L, -889040876L, 
1035589026L, 5427895L, 1878572161L, 2142571654L, -945854268L, 
-1277540875L, -555298721L, 1042197176L, 1495602070L, -549953117L, 
475743589L, -1459211134L, 1999699440L, 1136298905L, 285822347L, 
1828817020L, 869980842L, 2012075231L, 2079236713L, 711516286L, 
-2045331348L, -51658563L, -569904761L, 1196172656L, 1427972110L, 
1161985339L, -426171875L, 721811146L, -1509563928L, -1845184815L, 
-1932442941L, 281618884L, 83295858L, -338297017L, -280330479L, 
244527766L, 2006628340L, 296247685L, -759554865L, -618019384L, 
1927822438L, -810984813L, -531791371L, -84890670L, -857657312L, 
-1099351543L, 1773175611L, -1551546740L, -829633766L, -2079892081L, 
913789657L, -1131254418L, -1130950404L, -582321555L, 1234683415L, 
-2143771680L, -1893838914L, -264954485L, -53514739L, -2086124998L, 
1018915448L, -388046303L, 909262035L, -453915660L, -2081194878L, 
-265231081L, 1831392225L, 1364358438L, -2029382620L, -1147531563L, 
1249815167L, -93066472L, 172175926L, -1534364477L, 1625295109L, 
-1388543838L, -1311914352L, -417611207L, -2142782741L, -862770212L, 
-1815433718L, -1384795905L, 2145592649L, -1486227746L, 448117900L, 
932768861L, -1683721625L, -1306969200L, -743346258L, 1629564507L, 
1351483965L, 869663914L, 1898972488L, 372652401L, 1146924771L, 
